100 100 200 200 -800 -800 
102.46 102.46 205.02 207.52 -800 -800 
104.884 104.883 210.058 215.058 -800 -800 
107.274 107.271 215.113 222.615 -800 -800 
109.634 109.626 220.183 230.187 -800 -800 
111.965 111.95 225.268 237.775 -800 -800 
114.27 114.244 230.365 245.378 -800 -800 
116.55 116.512 235.475 252.994 -800 -800 
118.808 118.753 240.596 260.624 -800 -800 
121.045 120.97 245.727 268.265 -800 -800 
123.263 123.164 250.869 275.918 -800 -800 
125.462 125.336 256.019 283.582 -800 -800 
127.644 127.487 261.178 291.256 -800 -800 
129.81 129.619 266.345 298.94 -800 -800 
131.962 131.733 271.519 306.634 -800 -800 
134.099 133.829 276.7 314.336 -800 -800 
136.223 135.908 281.888 322.046 -800 -800 
138.335 137.971 287.082 329.764 -800 -800 
140.435 140.02 292.282 337.49 -800 -800 
142.524 142.054 297.488 345.223 -800 -800 
144.603 144.074 302.698 352.963 -800 -800 
146.672 146.081 307.914 360.71 -800 -800 
148.731 148.075 313.134 368.462 -800 -800 
150.782 150.058 318.359 376.221 -800 -800 
152.824 152.03 323.588 383.985 -800 -800 
154.858 153.99 328.821 391.755 -800 -800 
156.884 155.94 334.058 399.53 -800 -800 
158.903 157.88 339.299 407.31 -800 -800 
160.915 159.81 344.543 415.095 -800 -800 
162.92 161.731 349.79 422.884 -800 -800 
164.919 163.643 355.04 430.678 -800 -800 
166.912 165.547 360.294 438.477 -800 -800 
168.9 167.442 365.55 446.279 -800 -800 
170.881 169.33 370.809 454.085 -800 -800 
172.857 171.21 376.071 461.895 -800 -800 
174.829 173.082 381.336 469.709 -800 -800 
176.795 174.948 386.603 477.526 -800 -800 
178.756 176.807 391.872 485.347 -800 -800 
180.713 178.659 397.143 493.171 -800 -800 
182.666 180.505 402.417 500.998 -800 -800 
184.614 182.344 407.693 508.828 -800 -800 
186.559 184.178 412.971 516.661 -800 -800 
188.499 186.006 418.251 524.497 -800 -800 
190.436 187.828 423.532 532.336 -800 -800 
192.368 189.645 428.816 540.177 -800 -800 
194.298 191.457 434.101 548.021 -800 -800 
196.224 193.264 439.388 555.868 -800 -800 
198.147 195.066 444.677 563.717 -800 -800 
200.066 196.863 449.967 571.569 -800 -800 
201.983 198.655 455.259 579.422 -800 -800 
203.896 200.443 460.552 587.278 -800 -800 
205.807 202.227 465.846 595.136 -800 -800 
207.715 204.006 471.143 602.997 -800 -800 
209.62 205.782 476.44 610.859 -800 -800 
211.523 207.553 481.739 618.723 -800 -800 
213.423 209.321 487.039 626.59 -800 -800 
215.32 211.084 492.34 634.458 -800 -800 
217.215 212.844 497.642 642.328 -800 -800 
219.108 214.601 502.946 650.2 -800 -800 
220.998 216.353 508.251 658.073 -800 -800 
222.887 218.103 513.557 665.948 -800 -800 
224.773 219.849 518.864 673.825 -800 -800 
226.657 221.592 524.172 681.704 -800 -800 
228.539 223.332 529.481 689.584 -800 -800 
230.419 225.069 534.791 697.466 -800 -800 
232.297 226.803 540.102 705.349 -800 -800 
234.173 228.533 545.414 713.233 -800 -800 
236.047 230.261 550.726 721.119 -800 -800 
237.92 231.987 556.04 729.007 -800 -800 
239.791 233.709 561.355 736.895 -800 -800 
241.66 235.429 566.67 744.786 -800 -800 
243.527 237.146 571.986 752.677 -800 -800 
245.393 238.861 577.303 760.57 -800 -800 
247.257 240.573 582.621 768.463 -800 -800 
249.12 242.283 587.94 776.359 -800 -800 
250.981 243.99 593.259 784.255 -800 -800 
252.841 245.695 598.579 792.152 -800 -800 
254.699 247.398 603.9 800.051 -800 -800 
256.556 249.099 609.222 807.951 -800 -800 
258.412 250.797 614.544 815.851 -800 -800 
260.266 252.493 619.867 823.753 -800 -800 
262.119 254.188 625.191 831.656 -800 -800 
263.971 255.88 630.515 839.56 -800 -800 
265.821 257.57 635.84 847.465 -800 -800 
267.67 259.258 641.165 836.096 -800 -800 
269.518 260.944 646.491 828.193 -800 -800 
271.364 262.628 651.818 820.291 -800 -800 
273.209 264.31 657.145 812.39 -800 -800 
275.053 265.991 662.474 804.49 -800 -800 
276.895 267.669 667.802 796.592 -800 -800 
278.736 269.344 673.132 788.694 -800 -800 
280.575 271.018 678.463 780.797 -800 -800 
282.412 272.69 683.794 772.901 -800 -800 
284.247 274.359 689.126 765.007 -800 -800 
286.081 276.027 694.459 757.113 -800 -800 
287.913 277.692 699.793 749.221 -800 -800 
289.743 279.355 705.128 741.329 -800 -800 
291.572 281.016 710.464 733.439 -800 -800 
293.398 282.675 715.801 725.55 -800 -800 
295.222 284.331 721.139 717.662 -800 -800 
297.044 285.985 726.478 709.775 -800 -800 
298.864 287.638 731.818 701.889 -800 -800 
300.681 289.288 737.159 694.004 -800 -800 
302.496 290.936 742.502 686.12 -800 -800 
304.309 292.581 747.845 678.237 -800 -800 
306.119 294.225 753.19 670.356 -800 -800 
307.927 295.866 758.536 662.475 -800 -800 
309.732 297.506 763.884 654.595 -800 -800 
311.535 299.143 769.233 646.717 -800 -800 
313.335 300.778 774.583 638.839 -800 -800 
315.132 302.411 779.934 630.963 -800 -800 
316.926 304.043 785.287 623.087 -800 -800 
318.717 305.672 790.641 615.213 -800 -800 
320.506 307.299 795.997 607.34 -800 -800 
322.291 308.924 801.354 599.467 -800 -800 
324.074 310.548 806.713 591.595 -800 -800 
325.853 312.17 812.074 583.725 -800 -800 
327.629 313.79 817.436 575.855 -800 -800 
329.402 315.408 822.799 567.986 -800 -800 
331.171 317.024 828.164 560.118 -800 -800 
332.937 318.639 833.531 552.25 -800 -800 
334.7 320.253 838.9 544.384 -800 -800 
336.46 321.865 844.27 536.518 -800 -800 
338.216 323.475 849.642 528.653 -800 -800 
339.969 325.084 855.016 520.789 -800 -800 
341.718 326.692 860.391 512.925 -800 -800 
343.464 328.298 865.768 505.062 -800 -800 
345.206 329.904 871.147 497.199 -800 -800 
346.945 331.508 876.528 489.337 -800 -800 
348.68 333.111 881.91 481.476 -800 -800 
350.411 334.713 887.294 473.615 -800 -800 
352.14 336.314 892.68 465.754 -800 -800 
353.864 337.915 898.068 457.894 -800 -800 
355.585 339.514 903.457 450.035 -800 -800 
357.303 341.113 908.849 442.175 -800 -800 
359.017 342.711 914.242 434.316 -800 -800 
360.727 344.309 919.636 426.458 -800 -800 
362.434 345.906 925.033 418.599 -800 -800 
364.138 347.503 930.431 410.741 -800 -800 
365.838 349.099 935.831 402.883 -800 -800 
367.534 350.695 941.233 395.025 -800 -800 
369.228 352.291 946.636 387.167 -800 -800 
370.918 353.886 952.041 379.31 -800 -800 
372.604 355.482 957.448 371.452 -800 -800 
374.287 357.077 962.856 363.595 -800 -800 
375.968 358.672 968.266 355.737 -800 -800 
377.644 360.268 973.678 347.88 -800 -800 
379.318 361.863 979.091 340.022 -800 -800 
380.989 363.458 984.506 332.165 -800 -800 
382.656 365.054 989.922 324.307 -800 -800 
384.321 366.65 995.34 316.449 -800 -800 
385.982 368.246 1000.76 308.591 -800 -800 
387.641 369.842 1006.18 300.733 -800 -800 
389.296 371.439 1011.6 292.875 -800 -800 
390.949 373.036 1017.03 285.017 -800 -800 
392.599 374.633 1022.45 277.158 -800 -800 
394.247 376.231 1027.88 269.299 -800 -800 
395.891 377.83 1033.3 261.44 -800 -800 
397.533 379.428 1038.73 253.581 -800 -800 
399.173 381.028 1044.16 245.722 -800 -800 
400.809 382.627 1049.6 237.862 -800 -800 
402.444 384.228 1055.03 230.002 -800 -800 
404.076 385.829 1060.46 222.141 -800 -800 
405.705 387.43 1065.9 214.281 -800 -800 
407.332 389.032 1071.33 206.42 -800 -800 
408.957 390.635 1076.77 198.559 -800 -800 
410.58 392.239 1082.21 190.697 -800 -800 
412.201 393.843 1087.65 182.835 -800 -800 
413.819 395.448 1093.09 174.973 -800 -800 
415.435 397.053 1098.53 167.11 -800 -800 
417.049 398.659 1103.98 159.247 -800 -800 
418.662 400.266 1109.42 151.384 -800 -800 
420.272 401.873 1114.86 143.52 -800 -800 
421.88 403.482 1120.31 135.656 -800 -800 
423.487 405.091 1125.76 127.792 -800 -800 
425.091 406.7 1131.2 119.927 -800 -800 
426.694 408.311 1136.65 112.062 -800 -800 
428.295 409.922 1142.1 104.197 -800 -800 
429.895 411.534 1147.55 96.331 -800 -800 
431.492 413.146 1153 88.4648 -800 -800 
433.088 414.76 1158.46 80.5983 -800 -800 
434.683 416.374 1163.91 72.7314 -800 -800 
436.275 417.989 1169.36 64.8641 -800 -800 
437.867 419.604 1174.82 56.9964 -800 -800 
439.457 421.221 1180.27 49.1284 -800 -800 
441.045 422.838 1185.73 41.26 -800 -800 
442.632 424.455 1191.18 33.3913 -800 -800 
444.218 426.074 1196.64 25.5222 -800 -800 
445.802 427.693 1202.1 17.6527 -800 -800 
447.385 429.313 1207.56 27.8691 -800 -800 
448.966 430.934 1213.02 35.7379 -800 -800 
450.546 432.555 1218.48 43.6063 -800 -800 
452.125 434.177 1223.94 51.4744 -800 -800 
453.702 435.8 1229.4 59.3421 -800 -800 
455.278 437.423 1234.86 67.2095 -800 -800 
456.853 439.047 1240.32 75.0766 -800 -800 
458.426 440.672 1245.79 82.9434 -800 -800 
459.998 442.297 1251.25 90.8098 -800 -800 
461.569 443.923 1256.72 98.676 -800 -800 
463.138 445.55 1262.18 106.542 -800 -800 
464.706 447.177 1267.65 114.407 -800 -800 
466.273 448.804 1273.11 122.273 -800 -800 
467.838 450.433 1278.58 130.138 -800 -800 
469.401 452.061 1284.05 138.002 -800 -800 
470.964 453.691 1289.52 145.867 -800 -800 
472.525 455.321 1294.99 153.731 -800 -800 
474.084 456.951 1300.46 161.595 -800 -800 
475.643 458.582 1305.93 169.459 -800 -800 
477.199 460.213 1311.4 177.322 -800 -800 
478.755 461.845 1316.87 185.185 -800 -800 
480.309 463.477 1322.35 193.048 -800 -800 
481.862 465.109 1327.82 200.911 -800 -800 
483.413 466.743 1333.29 208.774 -800 -800 
484.963 468.376 1338.77 216.636 -800 -800 
486.512 470.01 1344.24 224.498 -800 -800 
488.059 471.644 1349.72 232.36 -800 -800 
489.605 473.279 1355.2 240.222 -800 -800 
491.149 474.914 1360.68 248.084 -800 -800 
492.693 476.549 1366.15 255.945 -800 -800 
494.234 478.185 1371.63 263.806 -800 -800 
495.775 479.821 1377.11 271.667 -800 -800 
497.314 481.457 1382.59 279.528 -800 -800 
498.852 483.094 1388.07 287.389 -800 -800 
500.389 484.731 1393.56 295.25 -800 -800 
501.924 486.368 1399.04 303.11 -800 -800 
503.458 488.005 1404.52 310.971 -800 -800 
504.99 489.643 1410 318.831 -800 -800 
506.522 491.281 1415.49 326.691 -800 -800 
508.052 492.919 1420.97 334.551 -800 -800 
509.58 494.558 1426.46 342.411 -800 -800 
511.108 496.197 1431.95 350.27 -800 -800 
512.634 497.835 1437.43 358.13 -800 -800 
514.159 499.474 1442.92 365.99 -800 -800 
515.682 501.114 1448.41 373.849 -800 -800 
517.205 502.753 1453.9 381.709 -800 -800 
518.726 504.393 1459.39 389.568 -800 -800 
520.246 506.032 1464.88 397.427 -800 -800 
521.764 507.672 1470.37 405.286 -800 -800 
523.282 509.312 1475.86 413.145 -800 -800 
524.798 510.952 1481.35 421.004 -800 -800 
526.313 512.593 1486.84 428.863 -800 -800 
527.827 514.233 1492.34 436.722 -800 -800 
529.339 515.873 1497.83 444.581 -800 -800 
530.851 517.514 1503.32 452.44 -800 -800 
532.361 519.154 1508.82 460.299 -800 -800 
533.87 520.795 1514.32 468.158 -800 -800 
535.378 522.436 1519.81 476.016 -800 -800 
536.884 524.077 1510.5 483.875 -800 -800 
538.39 525.718 1505.01 491.734 -800 -800 
539.894 527.358 1499.52 499.592 -800 -800 
541.397 528.999 1494.02 507.451 -800 -800 
542.899 530.64 1488.53 515.31 -800 -800 
544.4 532.281 1483.04 523.168 -800 -800 
545.899 533.922 1477.54 531.027 -800 -800 
547.397 535.563 1472.05 538.886 -800 -800 
548.894 537.204 1466.56 546.744 -800 -800 
550.389 538.845 1461.07 554.603 -800 -800 
551.883 540.486 1455.58 562.461 -800 -800 
553.376 542.127 1450.1 570.32 -800 -800 
554.867 543.768 1444.61 578.179 -800 -800 
556.357 545.409 1439.12 586.037 -800 -800 
557.845 547.049 1433.63 593.896 -800 -800 
559.332 548.69 1428.15 601.755 -800 -800 
560.817 550.331 1422.66 609.614 -800 -800 
562.301 551.971 1417.18 617.473 -800 -800 
563.784 553.611 1411.7 625.332 -800 -800 
565.264 555.252 1406.21 633.191 -800 -800 
566.744 556.892 1400.73 641.05 -800 -800 
568.221 558.532 1395.25 648.909 -800 -800 
569.697 560.171 1389.77 656.768 -800 -800 
571.172 561.811 1384.29 664.627 -800 -800 
572.645 563.45 1378.81 672.487 -800 -800 
574.116 565.089 1373.33 680.346 -800 -800 
575.585 566.728 1367.86 688.206 -800 -800 
577.053 568.367 1362.38 696.066 -800 -800 
578.519 570.005 1356.91 703.926 -800 -800 
579.983 571.643 1351.43 711.786 -800 -800 
581.445 573.281 1345.96 719.646 -800 -800 
582.906 574.918 1340.49 727.506 -800 -800 
584.364 576.555 1335.02 735.367 -800 -800 
585.821 578.192 1329.55 743.228 -800 -800 
587.276 579.828 1324.08 751.089 -800 -800 
588.729 581.463 1318.61 758.95 -800 -800 
590.18 583.099 1313.14 766.812 -800 -800 
591.629 584.733 1307.67 774.673 -800 -800 
593.076 586.368 1302.21 782.535 -800 -800 
594.521 588.001 1296.74 790.398 -800 -800 
595.964 589.634 1291.28 798.26 -800 -800 
597.405 591.267 1285.82 806.123 -800 -800 
598.844 592.899 1280.35 813.986 -800 -800 
600.281 594.53 1274.89 821.85 -800 -800 
601.716 596.16 1269.43 829.714 -800 -800 
603.148 597.79 1263.98 837.578 -800 -800 
604.579 599.419 1258.52 845.443 -800 -800 
606.007 601.047 1253.06 836.136 -800 -800 
607.433 602.674 1247.61 828.272 -800 -800 
608.857 604.301 1242.15 820.408 -800 -800 
610.279 605.926 1236.7 812.545 -800 -800 
611.698 607.551 1231.25 804.683 -800 -800 
613.114 609.175 1225.8 796.821 -800 -800 
614.528 610.798 1220.35 788.959 -800 -800 
615.939 612.421 1214.9 781.097 -800 -800 
617.347 614.042 1209.45 773.236 -800 -800 
618.753 615.663 1204.01 765.376 -800 -800 
620.155 617.283 1198.57 757.515 -800 -800 
621.555 618.903 1193.12 749.656 -800 -800 
622.951 620.521 1187.68 741.796 -800 -800 
624.344 622.139 1182.25 733.937 -800 -800 
625.733 623.757 1176.81 726.078 -800 -800 
627.119 625.373 1171.37 718.22 -800 -800 
628.501 626.989 1165.94 710.361 -800 -800 
629.88 628.605 1160.51 702.503 -800 -800 
631.255 630.219 1155.08 694.646 -800 -800 
632.625 631.834 1149.65 686.788 -800 -800 
633.992 633.448 1144.23 678.931 -800 -800 
635.354 635.061 1138.8 671.074 -800 -800 
636.712 636.674 1133.38 663.218 -800 -800 
638.065 638.287 1127.96 655.361 -800 -800 
639.414 639.9 1122.55 647.504 -800 -800 
640.758 641.513 1117.13 639.648 -800 -800 
642.096 643.126 1111.72 631.791 -800 -800 
643.43 644.739 1106.31 623.934 -800 -800 
644.759 646.352 1100.91 616.078 -800 -800 
646.082 647.965 1095.5 608.221 -800 -800 
647.399 649.579 1090.1 600.364 -800 -800 
648.711 651.194 1084.7 592.506 -800 -800 
650.018 652.809 1079.31 584.648 -800 -800 
651.318 654.425 1073.92 576.79 -800 -800 
652.612 656.043 1068.53 568.931 -800 -800 
653.901 657.661 1063.14 561.071 -800 -800 
655.183 659.282 1057.76 553.211 -800 -800 
656.459 660.903 1052.38 545.35 -800 -800 
657.728 662.527 1047 537.488 -800 -800 
658.991 664.153 1041.63 529.625 -800 -800 
660.248 665.781 1036.26 521.761 -800 -800 
661.498 667.411 1030.89 513.895 -800 -800 
662.742 669.044 1025.52 506.029 -800 -800 
663.979 670.68 1020.16 498.16 -800 -800 
665.209 672.32 1014.81 490.291 -800 -800 
666.434 673.962 1009.45 482.419 -800 -800 
667.651 675.608 1004.1 474.546 -800 -800 
668.863 677.258 998.753 466.671 -800 -800 
670.069 678.912 993.408 458.794 -800 -800 
671.268 680.57 988.066 450.915 -800 -800 
672.461 682.232 982.727 443.033 -800 -800 
673.649 683.899 977.391 435.15 -800 -800 
674.831 685.57 972.058 427.264 -800 -800 
676.007 687.246 966.728 419.376 -800 -800 
677.178 688.927 961.4 411.485 -800 -800 
678.345 690.613 956.075 403.592 -800 -800 
679.506 692.304 950.752 395.696 -800 -800 
680.662 694 945.432 387.798 -800 -800 
681.814 695.702 940.113 379.897 -800 -800 
682.962 697.408 934.797 371.993 -800 -800 
684.105 699.12 929.483 364.087 -800 -800 
685.245 700.837 924.171 356.178 -800 -800 
686.381 702.56 918.861 348.267 -800 -800 
687.514 704.287 913.553 340.353 -800 -800 
688.644 706.02 908.246 332.436 -800 -800 
689.77 707.758 902.94 324.517 -800 -800 
690.894 709.501 897.636 316.595 -800 -800 
692.014 711.249 892.334 308.671 -800 -800 
693.133 713.002 887.032 300.744 -800 -800 
694.249 714.76 881.732 292.815 -800 -800 
695.363 716.523 876.433 284.884 -800 -800 
696.475 718.291 871.135 276.95 -800 -800 
697.585 720.063 865.838 269.013 -800 -800 
698.694 721.84 860.541 261.075 -800 -800 
699.801 723.621 855.246 253.134 -800 -800 
700.906 725.407 849.951 245.191 -800 -800 
702.01 727.196 844.657 237.246 -800 -800 
703.113 728.99 839.363 229.299 -800 -800 
704.215 730.788 834.07 221.349 -800 -800 
705.316 732.59 828.777 213.398 -800 -800 
706.416 734.396 823.485 205.445 -800 -800 
707.515 736.206 818.193 197.49 -800 -800 
708.613 738.019 812.902 189.533 -800 -800 
709.711 739.836 807.611 181.575 -800 -800 
710.808 741.656 802.32 173.615 -800 -800 
711.905 743.479 797.03 165.653 -800 -800 
713.001 745.306 791.74 157.689 -800 -800 
714.096 747.136 786.45 149.724 -800 -800 
715.192 748.969 781.16 141.757 -800 -800 
716.286 750.805 775.87 133.789 -800 -800 
717.381 752.644 770.581 125.819 -800 -800 
718.476 754.486 765.292 117.848 -800 -800 
719.57 756.331 760.002 109.876 -800 -800 
720.664 758.178 754.713 101.902 -800 -800 
721.758 760.028 749.424 93.9267 -800 -800 
722.851 761.88 744.135 85.9503 -800 -800 
723.945 763.735 738.846 77.9727 -800 -800 
725.039 765.592 733.557 69.9939 -800 -800 
726.132 767.452 728.268 62.0139 -800 -800 
727.226 769.313 722.979 54.0328 -800 -800 
728.32 771.177 717.69 46.0506 -800 -800 
729.413 773.043 712.401 38.0674 -800 -800 
730.507 774.912 707.112 30.0831 -800 -800 
731.601 776.782 701.823 22.0977 -800 -800 
732.695 778.654 696.534 14.1114 -800 -800 
733.789 780.528 691.245 27.9853 -800 -800 
734.883 782.404 685.956 35.9697 -800 -800 
735.977 784.283 680.666 43.953 -800 -800 
737.071 786.163 675.377 51.9353 -800 -800 
738.166 788.045 670.088 59.9166 -800 -800 
739.261 789.929 664.798 67.8968 -800 -800 
740.356 791.816 659.508 75.876 -800 -800 
741.451 793.704 654.219 83.8541 -800 -800 
742.546 795.595 648.929 91.8311 -800 -800 
743.642 797.488 643.639 99.807 -800 -800 
744.738 799.383 638.349 107.782 -800 -800 
745.834 801.281 633.058 115.755 -800 -800 
746.931 803.181 627.768 123.728 -800 -800 
748.028 805.083 622.477 131.699 -800 -800 
749.126 806.987 617.186 139.669 -800 -800 
750.224 808.894 611.895 147.638 -800 -800 
751.323 810.804 606.603 155.606 -800 -800 
752.422 812.715 601.312 163.573 -800 -800 
753.522 814.629 596.02 171.538 -800 -800 
754.622 816.546 590.727 179.502 -800 -800 
755.723 818.465 585.435 187.465 -800 -800 
756.825 820.387 580.142 195.426 -800 -800 
757.927 822.311 574.848 203.387 -800 -800 
759.03 824.238 569.554 211.346 -800 -800 
760.134 826.168 564.26 219.303 -800 -800 
761.239 828.1 558.966 227.26 -800 -800 
762.345 830.035 553.671 235.215 -800 -800 
763.452 831.972 548.375 243.168 -800 -800 
764.559 833.912 543.079 251.121 -800 -800 
765.668 835.855 537.783 259.071 -800 -800 
766.778 837.801 532.486 267.021 -800 -800 
767.888 839.749 527.188 274.969 -800 -800 
769.001 841.7 521.89 282.916 -800 -800 
770.114 843.654 516.591 290.862 -800 -800 
771.228 845.611 511.292 298.806 -800 -800 
772.344 842.046 505.992 306.749 -800 -800 
773.461 840.095 500.691 314.69 -800 -800 
774.58 838.147 495.389 322.63 -800 -800 
775.7 836.202 490.087 330.568 -800 -800 
776.822 834.259 484.784 338.505 -800 -800 
777.946 832.32 479.48 346.441 -800 -800 
779.071 830.383 474.175 354.375 -800 -800 
780.199 828.45 468.869 362.307 -800 -800 
781.328 826.519 463.563 370.238 -800 -800 
782.46 824.592 458.255 378.168 -800 -800 
783.593 822.667 452.946 386.096 -800 -800 
784.729 820.746 447.636 394.023 -800 -800 
785.867 818.827 442.324 401.948 -800 -800 
787.008 816.912 437.012 409.871 -800 -800 
788.151 814.999 431.698 417.794 -800 -800 
789.297 813.089 426.383 425.714 -800 -800 
790.446 811.182 421.067 433.633 -800 -800 
791.597 809.278 415.749 441.551 -800 -800 
792.751 807.377 410.429 449.468 -800 -800 
793.909 805.479 405.109 457.382 -800 -800 
795.069 803.584 399.786 465.296 -800 -800 
796.233 801.691 394.462 473.208 -800 -800 
797.399 799.801 389.137 481.119 -800 -800 
798.569 797.913 383.81 489.029 -800 -800 
799.743 796.028 378.481 496.937 -800 -800 
800.92 794.145 373.15 504.844 -800 -800 
802.1 792.265 367.818 512.75 -800 -800 
803.284 790.387 362.484 520.655 -800 -800 
804.472 788.511 357.148 528.559 -800 -800 
805.663 786.637 351.81 536.461 -800 -800 
806.858 784.766 346.47 544.363 -800 -800 
808.056 782.896 341.129 552.264 -800 -800 
809.258 781.028 335.786 560.163 -800 -800 
810.464 779.162 330.441 568.062 -800 -800 
811.674 777.297 325.094 575.96 -800 -800 
812.888 775.435 319.745 583.858 -800 -800 
814.105 773.573 314.394 591.754 -800 -800 
815.326 771.713 309.041 599.65 -800 -800 
816.551 769.854 303.687 607.545 -800 -800 
817.779 767.996 298.33 615.44 -800 -800 
819.011 766.14 292.972 623.334 -800 -800 
820.247 764.284 287.612 631.228 -800 -800 
821.486 762.429 282.25 639.121 -800 -800 
822.729 760.575 276.887 647.014 -800 -800 
823.975 758.722 271.521 654.906 -800 -800 
825.225 756.87 266.154 662.798 -800 -800 
826.479 755.018 260.785 670.69 -800 -800 
827.736 753.166 255.415 678.581 -800 -800 
828.996 751.315 250.043 686.473 -800 -800 
830.259 749.465 244.669 694.364 -800 -800 
831.526 747.614 239.293 702.255 -800 -800 
832.796 745.764 233.916 710.146 -800 -800 
834.069 743.915 228.537 718.036 -800 -800 
835.345 742.065 223.157 725.927 -800 -800 
836.624 740.215 217.775 733.818 -800 -800 
837.906 738.365 212.392 741.708 -800 -800 
839.191 736.516 207.008 749.599 -800 -800 
840.479 734.666 201.622 757.49 -800 -800 
841.769 732.816 196.234 765.38 -800 -800 
843.062 730.966 190.846 773.271 -800 -800 
844.358 729.116 185.456 781.162 -800 -800 
845.656 727.266 180.064 789.053 -800 -800 
846.957 725.415 174.672 796.944 -800 -800 
848.26 723.564 169.278 804.835 -800 -800 
849.566 721.713 163.883 812.727 -800 -800 
850.874 719.862 158.487 820.618 -800 -800 
852.184 718.01 153.09 828.51 -800 -800 
853.497 716.158 147.691 836.402 -800 -800 
854.811 714.306 142.292 844.294 -800 -800 
856.128 712.453 136.891 836.108 -800 -800 
857.447 710.6 131.49 828.216 -800 -800 
858.768 708.746 126.087 820.325 -800 -800 
860.091 706.892 120.683 812.434 -800 -800 
861.416 705.038 115.279 804.542 -800 -800 
862.743 703.184 109.873 796.651 -800 -800 
864.071 701.329 104.467 788.76 -800 -800 
865.402 699.474 99.059 780.87 -800 -800 
866.735 697.619 93.6506 772.979 -800 -800 
868.069 695.764 88.2412 765.088 -800 -800 
869.406 693.909 82.8309 757.198 -800 -800 
870.744 692.053 77.4197 749.307 -800 -800 
872.084 690.197 72.0076 741.417 -800 -800 
873.425 688.342 66.5946 733.526 -800 -800 
874.769 686.486 61.1808 725.636 -800 -800 
876.114 684.63 55.7661 717.746 -800 -800 
877.46 682.774 50.3506 709.855 -800 -800 
878.809 680.918 44.9343 701.965 -800 -800 
880.159 679.061 39.5171 694.075 -800 -800 
881.51 677.205 34.0992 686.185 -800 -800 
882.863 675.349 28.6805 678.295 -800 -800 
884.218 673.493 23.261 670.404 -800 -800 
885.574 671.637 17.8407 662.514 -800 -800 
886.932 669.781 25.4195 654.624 -800 -800 
888.291 667.925 30.8382 646.734 -800 -800 
889.652 666.068 36.2562 638.844 -800 -800 
891.014 664.212 41.6734 630.953 -800 -800 
892.378 662.356 47.0898 623.063 -800 -800 
893.743 660.501 52.5055 615.173 -800 -800 
895.11 658.645 57.9203 607.282 -800 -800 
896.479 656.789 63.3344 599.392 -800 -800 
897.849 654.933 68.7476 591.501 -800 -800 
899.221 653.078 74.16 583.611 -800 -800 
900.594 651.223 79.5716 575.72 -800 -800 
901.969 649.367 84.9824 567.83 -800 -800 
903.346 647.512 90.3924 559.939 -800 -800 
904.724 645.657 95.8015 552.048 -800 -800 
906.105 643.803 101.21 544.157 -800 -800 
907.486 641.948 106.617 536.266 -800 -800 
908.87 640.094 112.024 528.375 -800 -800 
910.255 638.24 117.43 520.484 -800 -800 
911.642 636.386 122.834 512.592 -800 -800 
913.031 634.533 128.238 504.701 -800 -800 
914.421 632.68 133.641 496.809 -800 -800 
915.813 630.827 139.044 488.917 -800 -800 
917.207 628.974 144.445 481.025 -800 -800 
918.603 627.122 149.845 473.133 -800 -800 
920.001 625.27 155.245 465.241 -800 -800 
921.4 623.419 160.644 457.348 -800 -800 
922.801 621.568 166.041 449.455 -800 -800 
924.204 619.717 171.438 441.562 -800 -800 
925.609 617.867 176.834 433.669 -800 -800 
927.016 616.017 182.229 425.776 -800 -800 
928.424 614.168 187.623 417.882 -800 -800 
929.835 612.319 193.016 409.988 -800 -800 
931.247 610.471 198.409 402.094 -800 -800 
932.661 608.623 203.8 394.2 -800 -800 
934.077 606.776 209.19 386.305 -800 -800 
935.495 604.929 214.58 378.41 -800 -800 
936.915 603.083 219.968 370.515 -800 -800 
938.336 601.238 225.356 362.619 -800 -800 
939.76 599.393 230.742 354.723 -800 -800 
941.185 597.549 236.128 346.827 -800 -800 
942.612 595.706 241.513 338.931 -800 -800 
944.042 593.863 246.896 331.034 -800 -800 
945.473 592.021 252.279 323.137 -800 -800 
946.906 590.179 257.661 315.239 -800 -800 
948.341 588.339 263.042 307.341 -800 -800 
949.777 586.499 268.422 299.443 -800 -800 
951.216 584.66 273.801 291.544 -800 -800 
952.657 582.822 279.179 283.645 -800 -800 
954.099 580.984 284.556 275.745 -800 -800 
955.543 579.148 289.932 267.845 -800 -800 
956.99 577.312 295.307 259.944 -800 -800 
958.438 575.478 300.682 252.044 -800 -800 
959.888 573.644 306.055 244.142 -800 -800 
961.339 571.811 311.427 236.24 -800 -800 
962.793 569.979 316.799 228.338 -800 -800 
964.249 568.148 322.169 220.435 -800 -800 
965.706 566.319 327.539 212.532 -800 -800 
967.166 564.49 332.908 204.628 -800 -800 
968.627 562.662 338.275 196.724 -800 -800 
970.09 560.835 343.642 188.819 -800 -800 
971.554 559.01 349.008 180.913 -800 -800 
973.021 557.185 354.373 173.007 -800 -800 
974.489 555.362 359.737 165.101 -800 -800 
975.96 553.539 365.101 157.193 -800 -800 
977.432 551.718 370.463 149.286 -800 -800 
978.905 549.898 375.824 141.377 -800 -800 
980.381 548.079 381.185 133.469 -800 -800 
981.858 546.262 386.545 125.559 -800 -800 
983.337 544.445 391.904 117.649 -800 -800 
984.818 542.63 397.262 109.738 -800 -800 
986.3 540.817 402.619 101.827 -800 -800 
987.784 539.004 407.975 93.915 -800 -800 
989.27 537.193 413.331 86.0024 -800 -800 
990.757 535.383 418.685 78.0891 -800 -800 
992.246 533.574 424.039 70.1752 -800 -800 
993.737 531.767 429.392 62.2606 -800 -800 
995.229 529.96 434.744 54.3453 -800 -800 
996.723 528.156 440.096 46.4294 -800 -800 
998.218 526.352 445.446 38.5128 -800 -800 
999.715 524.55 450.796 30.5955 -800 -800 
1001.21 522.75 456.145 22.6775 -800 -800 
1002.71 520.951 461.494 14.7589 -800 -800 
1004.22 519.153 466.841 27.918 -800 -800 
1005.72 517.357 472.188 35.8352 -800 -800 
1007.22 515.562 477.534 43.7517 -800 -800 
1008.73 513.768 482.879 51.6675 -800 -800 
1010.24 511.976 488.223 59.5825 -800 -800 
1011.75 510.186 493.567 67.4968 -800 -800 
1013.26 508.397 498.909 75.4103 -800 -800 
1014.77 506.61 504.251 83.3229 -800 -800 
1016.29 504.824 509.591 91.2348 -800 -800 
1017.81 503.041 514.931 99.1458 -800 -800 
1019.33 501.258 520.269 107.056 -800 -800 
1020.85 499.478 525.607 114.965 -800 -800 
1022.37 497.699 530.943 122.874 -800 -800 
1023.9 495.922 536.278 130.781 -800 -800 
1025.43 494.147 541.612 138.688 -800 -800 
1026.96 492.374 546.944 146.594 -800 -800 
1028.49 490.602 552.276 154.498 -800 -800 
1030.03 488.833 557.606 162.402 -800 -800 
1031.57 487.065 562.934 170.305 -800 -800 
1033.11 485.3 568.261 178.207 -800 -800 
1034.66 483.536 573.587 186.108 -800 -800 
1036.21 481.775 578.911 194.008 -800 -800 
1037.76 480.015 584.233 201.906 -800 -800 
1039.31 478.258 589.554 209.804 -800 -800 
1040.87 476.503 594.873 217.701 -800 -800 
1042.43 474.749 600.19 225.597 -800 -800 
1044 472.998 605.505 233.491 -800 -800 
1045.57 471.249 610.818 241.385 -800 -800 
1047.15 469.503 616.129 249.277 -800 -800 
1048.72 467.758 621.438 257.168 -800 -800 
1050.31 466.016 626.745 265.059 -800 -800 
1051.9 464.276 632.05 272.948 -800 -800 
1053.49 462.538 637.352 280.836 -800 -800 
1055.09 460.802 642.651 288.723 -800 -800 
1056.69 459.068 647.948 296.609 -800 -800 
1058.3 457.337 653.242 304.493 -800 -800 
1059.91 455.608 658.534 312.377 -800 -800 
1061.53 453.88 663.822 320.26 -800 -800 
1063.16 452.155 669.108 328.142 -800 -800 
1064.79 450.432 674.39 336.022 -800 -800 
1066.43 448.711 679.669 343.902 -800 -800 
1068.07 446.991 684.945 351.781 -800 -800 
1069.72 445.273 690.217 359.659 -800 -800 
1071.38 443.557 695.486 367.536 -800 -800 
1073.05 441.843 700.751 375.412 -800 -800 
1074.72 440.129 706.012 383.288 -800 -800 
1076.41 438.417 711.269 391.163 -800 -800 
1078.1 436.706 716.522 399.038 -800 -800 
1079.8 434.996 721.77 406.912 -800 -800 
1081.51 433.287 727.015 414.785 -800 -800 
1083.22 431.578 732.254 422.659 -800 -800 
1084.95 429.869 737.49 430.532 -800 -800 
1086.68 428.161 742.72 438.406 -800 -800 
1088.43 426.452 747.946 446.279 -800 -800 
1090.18 424.742 753.167 454.153 -800 -800 
1091.95 423.032 758.383 462.027 -800 -800 
1093.72 421.32 763.595 469.902 -800 -800 
1095.51 419.607 768.801 477.778 -800 -800 
1097.3 417.893 774.002 485.654 -800 -800 
1099.1 416.176 779.198 493.532 -800 -800 
1100.92 414.456 784.389 501.411 -800 -800 
1102.74 412.734 789.575 509.291 -800 -800 
1104.58 411.009 794.756 517.172 -800 -800 
1106.42 409.28 799.932 525.056 -800 -800 
1108.28 407.548 805.103 532.941 -800 -800 
1110.14 405.812 810.27 540.828 -800 -800 
1112.01 404.071 815.431 548.717 -800 -800 
1113.9 402.326 820.588 556.609 -800 -800 
1115.79 400.576 825.741 564.503 -800 -800 
1117.69 398.821 830.889 572.4 -800 -800 
1119.6 397.061 836.033 580.299 -800 -800 
1121.52 395.296 841.172 588.2 -800 -800 
1123.44 393.525 846.308 596.105 -800 -800 
1125.38 391.748 851.439 604.012 -800 -800 
1127.32 389.966 856.568 611.923 -800 -800 
1129.26 388.178 861.692 619.836 -800 -800 
1131.22 386.384 866.813 627.752 -800 -800 
1133.18 384.584 871.931 635.671 -800 -800 
1135.15 382.778 877.046 643.593 -800 -800 
1137.12 380.967 882.158 651.518 -800 -800 
1139.1 379.149 887.267 659.446 -800 -800 
1141.08 377.325 892.373 667.376 -800 -800 
1143.07 375.496 897.477 675.31 -800 -800 
1145.06 373.661 902.578 683.247 -800 -800 
1147.06 371.82 907.678 691.186 -800 -800 
1149.07 369.973 912.775 699.129 -800 -800 
1151.07 368.121 917.87 707.074 -800 -800 
1153.08 366.263 922.963 715.022 -800 -800 
1155.1 364.4 928.055 722.972 -800 -800 
1157.11 362.532 933.144 730.926 -800 -800 
1159.13 360.659 938.233 738.881 -800 -800 
1161.16 358.78 943.319 746.84 -800 -800 
1163.18 356.897 948.405 754.801 -800 -800 
1165.21 355.008 953.489 762.764 -800 -800 
1167.24 353.115 958.572 770.729 -800 -800 
1169.27 351.218 963.653 778.697 -800 -800 
1171.31 349.315 968.734 786.668 -800 -800 
1173.35 347.409 973.814 794.64 -800 -800 
1175.39 345.498 978.892 802.614 -800 -800 
1177.43 343.583 983.97 810.591 -800 -800 
1179.47 341.664 989.047 818.57 -800 -800 
1181.52 339.741 994.123 826.55 -800 -800 
1183.56 337.814 999.198 834.533 -800 -800 
1185.61 335.883 1004.27 842.517 -800 -800 
1187.66 333.949 1009.35 850.503 -800 -800 
1189.71 332.011 1014.42 836.016 -800 -800 
1191.76 330.069 1019.49 828.033 -800 -800 
1193.81 328.124 1024.57 820.052 -800 -800 
1195.86 326.174 1029.64 812.074 -800 -800 
1197.92 324.221 1034.71 804.097 -800 -800 
1199.98 322.263 1039.78 796.122 -800 -800 
1202.04 320.301 1044.85 788.15 -800 -800 
1204.09 318.335 1049.91 780.18 -800 -800 
1206.16 316.364 1054.98 772.212 -800 -800 
1208.22 314.389 1060.05 764.246 -800 -800 
1210.28 312.409 1065.12 756.283 -800 -800 
1212.35 310.423 1070.18 748.322 -800 -800 
1214.42 308.433 1075.25 740.364 -800 -800 
1216.49 306.438 1080.31 732.408 -800 -800 
1218.56 304.437 1085.37 724.455 -800 -800 
1220.63 302.431 1090.43 716.504 -800 -800 
1222.7 300.419 1095.5 708.557 -800 -800 
1224.78 298.401 1100.56 700.612 -800 -800 
1226.86 296.378 1105.62 692.671 -800 -800 
1228.94 294.348 1110.67 684.733 -800 -800 
1231.02 292.311 1115.73 676.798 -800 -800 
1233.1 290.268 1120.79 668.866 -800 -800 
1235.19 288.218 1125.84 660.937 -800 -800 
1237.28 286.16 1130.9 653.013 -800 -800 
1239.37 284.095 1135.95 645.092 -800 -800 
1241.46 282.023 1141 637.174 -800 -800 
1243.55 279.943 1146.05 629.261 -800 -800 
1245.65 277.854 1151.1 621.352 -800 -800 
1247.75 275.757 1156.15 613.447 -800 -800 
1249.85 273.651 1161.2 605.547 -800 -800 
1251.96 271.536 1166.25 597.651 -800 -800 
1254.06 269.411 1171.29 589.76 -800 -800 
1256.17 267.276 1176.33 581.874 -800 -800 
1258.29 265.131 1181.38 573.993 -800 -800 
1260.4 262.975 1186.42 566.118 -800 -800 
1262.52 260.808 1191.46 558.248 -800 -800 
1264.64 258.629 1196.5 550.384 -800 -800 
1266.76 256.439 1201.53 542.526 -800 -800 
1268.89 254.235 1206.57 534.674 -800 -800 
1271.02 252.018 1211.6 526.829 -800 -800 
1273.15 249.787 1216.63 518.992 -800 -800 
1275.28 247.541 1221.66 511.161 -800 -800 
1277.42 245.281 1226.69 503.338 -800 -800 
1279.56 243.004 1231.72 495.523 -800 -800 
1281.71 240.711 1236.75 487.716 -800 -800 
1283.85 238.4 1241.77 479.918 -800 -800 
1286 236.07 1246.8 472.129 -800 -800 
1288.16 233.721 1251.82 464.35 -800 -800 
1290.31 231.352 1256.84 456.582 -800 -800 
1292.48 228.962 1261.85 448.824 -800 -800 
1294.64 226.548 1266.87 441.077 -800 -800 
1296.81 224.111 1271.89 433.342 -800 -800 
1298.97 221.649 1276.9 425.62 -800 -800 
1301.15 219.16 1281.91 417.911 -800 -800 
1303.32 216.643 1286.92 410.216 -800 -800 
1305.5 214.097 1291.93 402.536 -800 -800 
1307.68 211.519 1296.94 394.871 -800 -800 
1309.86 208.907 1301.95 387.223 -800 -800 
1312.05 206.261 1306.95 379.593 -800 -800 
1314.23 203.577 1311.96 371.982 -800 -800 
1316.42 200.853 1316.97 364.39 -800 -800 
1318.6 198.088 1321.97 356.82 -800 -800 
1320.78 195.277 1326.98 349.271 -800 -800 
1322.97 192.42 1331.99 341.747 -800 -800 
1325.15 189.512 1336.99 334.247 -800 -800 
1327.32 186.551 1342.01 326.774 -800 -800 
1329.49 183.534 1347.02 319.33 -800 -800 
1331.65 180.457 1352.04 311.915 -800 -800 
1333.8 177.317 1357.06 304.531 -800 -800 
1335.94 174.111 1362.09 297.181 -800 -800 
1338.07 170.836 1367.12 289.865 -800 -800 
1340.17 167.488 1372.17 282.585 -800 -800 
1342.26 164.064 1377.22 275.344 -800 -800 
1344.32 160.561 1382.29 268.142 -800 -800 
1346.35 156.977 1387.37 260.981 -800 -800 
1348.35 153.309 1392.47 253.861 -800 -800 
1350.31 149.555 1397.59 246.785 -800 -800 
1352.23 145.715 1402.73 239.751 -800 -800 
1354.1 141.788 1407.89 232.762 -800 -800 
1355.93 137.774 1413.08 225.815 -800 -800 
1357.69 133.675 1418.29 218.911 -800 -800 
1359.4 129.492 1423.54 212.05 -800 -800 
1361.04 125.227 1428.82 205.228 -800 -800 
1362.62 120.885 1434.13 198.446 -800 -800 
1364.13 116.468 1439.47 191.701 -800 -800 
1365.57 111.981 1444.85 184.991 -800 -800 
1366.93 107.428 1450.26 178.314 -800 -800 
1368.23 102.815 1455.71 171.668 -800 -800 
1369.45 98.1452 1461.2 165.049 -800 -800 
1370.61 93.4242 1466.72 158.456 -800 -800 
1371.69 88.6564 1472.28 151.887 -800 -800 
1372.71 83.8461 1477.87 145.338 -800 -800 
1373.66 78.9976 1483.49 138.809 -800 -800 
1374.55 74.1147 1489.15 132.297 -800 -800 
1375.38 69.201 1494.83 125.801 -800 -800 
1376.15 64.2597 1500.54 119.318 -800 -800 
1376.86 59.2938 1506.28 112.848 -800 -800 
1377.52 54.306 1512.05 106.388 -800 -800 
1378.13 49.2986 1517.85 99.9383 -800 -800 
1378.69 44.2733 1510.23 93.4976 -800 -800 
1379.2 39.228 1504.49 87.0668 -800 -800 
1379.65 34.1604 1498.78 80.6472 -800 -800 
1380.04 29.0678 1493.1 74.2401 -800 -800 
1380.35 23.947 1487.45 67.8471 -800 -800 
1380.59 18.7944 1481.84 61.47 -800 -800 
1380.74 25.117 1476.28 55.1107 -800 -800 
1380.78 30.2004 1470.77 48.7683 -800 -800 
1380.7 35.2569 1465.33 42.4392 -800 -800 
1380.45 40.3002 1459.96 36.1168 -800 -800 
1380.03 45.3528 1454.68 29.7897 -800 -800 
1379.43 50.4449 1449.5 23.4429 -800 -800 
1378.63 55.6088 1444.41 17.0602 -800 -800 
1377.66 60.8683 1439.41 26.3348 -800 -800 
1376.49 66.2376 1434.5 32.6148 -800 -800 
1375.11 71.7323 1429.71 38.8321 -800 -800 
1373.48 77.3698 1425.03 44.9779 -800 -800 
1371.61 83.1689 1420.48 51.043 -800 -800 
1369.45 89.1486 1416.07 57.0178 -800 -800 
1367.01 95.3274 1411.81 62.893 -800 -800 
1364.27 101.722 1407.69 68.6604 -800 -800 
1361.23 108.345 1403.72 74.3133 -800 -800 
1357.89 115.206 1399.9 79.8476 -800 -800 
1354.27 122.307 1396.22 85.2618 -800 -800 
1350.38 129.645 1392.68 90.5571 -800 -800 
1346.24 137.214 1389.27 95.7374 -800 -800 
1341.87 145.001 1385.96 100.808 -800 -800 
1337.3 152.993 1382.76 105.777 -800 -800 
1332.55 161.173 1379.65 110.652 -800 -800 
1327.63 169.526 1376.62 115.44 -800 -800 
1322.58 178.035 1373.66 120.15 -800 -800 
1317.4 186.686 1370.76 124.789 -800 -800 
1312.11 195.465 1367.92 129.364 -800 -800 
1306.72 204.358 1365.12 133.882 -800 -800 
1301.25 213.354 1362.37 138.349 -800 -800 
1295.7 222.444 1359.66 142.768 -800 -800 
1290.08 231.618 1356.98 147.146 -800 -800 
1284.4 240.868 1354.33 151.486 -800 -800 
1278.67 250.186 1351.71 155.791 -800 -800 
1272.9 259.567 1349.11 160.065 -800 -800 
1267.07 269.005 1346.53 164.311 -800 -800 
1261.21 278.495 1343.97 168.531 -800 -800 
1255.31 288.032 1341.44 172.727 -800 -800 
1249.38 297.613 1338.91 176.901 -800 -800 
1243.42 307.234 1336.4 181.055 -800 -800 
1237.44 316.891 1333.91 185.191 -800 -800 
1231.43 326.583 1331.43 189.31 -800 -800 
1225.39 336.306 1328.96 193.413 -800 -800 
1219.34 346.059 1326.5 197.501 -800 -800 
1213.26 355.838 1324.05 201.576 -800 -800 
1207.17 365.643 1321.61 205.638 -800 -800 
1201.06 375.472 1319.17 209.688 -800 -800 
1194.93 385.322 1316.75 213.728 -800 -800 
1188.79 395.194 1314.33 217.757 -800 -800 
1182.64 405.085 1311.92 221.776 -800 -800 
1176.47 414.994 1309.52 225.786 -800 -800 
1170.29 424.92 1307.12 229.787 -800 -800 
1164.1 434.863 1304.73 233.781 -800 -800 
1157.9 444.82 1302.34 237.766 -800 -800 
1151.68 454.793 1299.96 241.745 -800 -800 
1145.46 464.779 1297.58 245.716 -800 -800 
1139.23 474.778 1295.21 249.682 -800 -800 
1132.99 484.789 1292.84 253.64 -800 -800 
1126.75 494.812 1290.48 257.594 -800 -800 
1120.49 504.846 1288.12 261.541 -800 -800 
1114.23 514.891 1285.76 265.483 -800 -800 
1107.96 524.946 1283.41 269.42 -800 -800 
1101.68 535.011 1281.06 273.353 -800 -800 
1095.4 545.084 1278.71 277.28 -800 -800 
1089.11 555.167 1276.37 281.204 -800 -800 
1082.82 565.258 1274.02 285.123 -800 -800 
1076.52 575.357 1271.69 289.038 -800 -800 
1070.22 585.464 1269.35 292.949 -800 -800 
1063.91 595.578 1267.02 296.857 -800 -800 
1057.59 605.7 1264.69 300.761 -800 -800 
1051.27 615.828 1262.36 304.661 -800 -800 
1044.95 625.963 1260.03 308.558 -800 -800 
1038.62 636.104 1257.71 312.452 -800 -800 
1032.29 646.251 1255.39 316.343 -800 -800 
1025.96 656.404 1253.07 320.231 -800 -800 
1019.62 666.563 1250.75 324.116 -800 -800 
1013.27 676.727 1248.43 327.999 -800 -800 
1006.92 686.897 1246.12 331.879 -800 -800 
1000.57 697.072 1243.81 335.756 -800 -800 
994.221 707.251 1241.5 339.631 -800 -800 
987.864 717.435 1239.19 343.503 -800 -800 
981.504 727.624 1236.88 347.373 -800 -800 
975.141 737.818 1234.57 351.241 -800 -800 
968.775 748.015 1232.27 355.107 -800 -800 
962.406 758.217 1229.97 358.971 -800 -800 
956.035 768.423 1227.66 362.833 -800 -800 
949.661 778.633 1225.36 366.692 -800 -800 
943.284 788.847 1223.06 370.55 -800 -800 
936.905 799.064 1220.76 374.406 -800 -800 
930.524 809.285 1218.47 378.26 -800 -800 
924.14 819.509 1216.17 382.113 -800 -800 
917.754 829.737 1213.88 385.963 -800 -800 
911.366 839.968 1211.58 389.812 -800 -800 
904.975 850.202 1209.29 393.66 -800 -800 
898.583 833.769 1207 397.506 -800 -800 
892.188 823.541 1204.71 401.35 -800 -800 
885.791 813.316 1202.42 405.193 -800 -800 
879.391 803.095 1200.13 409.034 -800 -800 
872.988 792.877 1197.85 412.873 -800 -800 
866.583 782.663 1195.56 416.711 -800 -800 
860.174 772.452 1193.28 420.547 -800 -800 
853.763 762.244 1191 424.381 -800 -800 
847.347 752.04 1188.72 428.213 -800 -800 
840.928 741.84 1186.44 432.044 -800 -800 
834.505 731.643 1184.16 435.873 -800 -800 
828.078 721.449 1181.89 439.7 -800 -800 
821.647 711.259 1179.61 443.525 -800 -800 
815.211 701.072 1177.34 447.349 -800 -800 
808.771 690.889 1175.08 451.171 -800 -800 
802.325 680.708 1172.81 454.992 -800 -800 
795.875 670.531 1170.55 458.811 -800 -800 
789.419 660.357 1168.29 462.628 -800 -800 
782.957 650.186 1166.03 466.444 -800 -800 
776.491 640.017 1163.78 470.259 -800 -800 
770.018 629.851 1161.53 474.072 -800 -800 
763.539 619.687 1159.28 477.884 -800 -800 
757.055 609.526 1157.03 481.696 -800 -800 
750.564 599.366 1154.79 485.506 -800 -800 
744.067 589.208 1152.55 489.315 -800 -800 
737.564 579.052 1150.32 493.124 -800 -800 
731.055 568.896 1148.08 496.932 -800 -800 
724.54 558.742 1145.85 500.739 -800 -800 
718.018 548.589 1143.62 504.546 -800 -800 
711.491 538.436 1141.4 508.353 -800 -800 
704.957 528.284 1139.18 512.159 -800 -800 
698.418 518.132 1136.96 515.965 -800 -800 
691.872 507.98 1134.75 519.772 -800 -800 
685.321 497.828 1132.53 523.578 -800 -800 
678.764 487.676 1130.33 527.385 -800 -800 
672.202 477.523 1128.12 531.192 -800 -800 
665.634 467.37 1125.91 534.999 -800 -800 
659.062 457.215 1123.71 538.806 -800 -800 
652.484 447.06 1121.51 542.614 -800 -800 
645.902 436.904 1119.32 546.423 -800 -800 
639.314 426.747 1117.12 550.231 -800 -800 
632.723 416.589 1114.93 554.041 -800 -800 
626.127 406.429 1112.74 557.851 -800 -800 
619.527 396.268 1110.55 561.662 -800 -800 
612.923 386.106 1108.37 565.473 -800 -800 
606.315 375.942 1106.18 569.286 -800 -800 
599.704 365.777 1104 573.098 -800 -800 
593.089 355.611 1101.82 576.912 -800 -800 
586.47 345.443 1099.64 580.726 -800 -800 
579.849 335.274 1097.47 584.541 -800 -800 
573.224 325.103 1095.29 588.357 -800 -800 
566.597 314.931 1093.12 592.174 -800 -800 
559.966 304.757 1090.94 595.991 -800 -800 
553.333 294.582 1088.77 599.809 -800 -800 
546.698 284.405 1086.6 603.628 -800 -800 
540.06 274.227 1084.44 607.447 -800 -800 
533.419 264.047 1082.27 611.267 -800 -800 
526.777 253.866 1080.1 615.088 -800 -800 
520.132 243.683 1077.94 618.91 -800 -800 
513.485 233.5 1075.77 622.732 -800 -800 
506.836 223.314 1073.61 626.555 -800 -800 
500.185 213.128 1071.45 630.379 -800 -800 
493.533 202.94 1069.28 634.203 -800 -800 
486.878 192.751 1067.12 638.028 -800 -800 
480.222 182.56 1064.96 641.854 -800 -800 
473.565 172.369 1062.81 645.68 -800 -800 
466.906 162.176 1060.65 649.507 -800 -800 
460.245 151.981 1058.49 653.334 -800 -800 
453.583 141.786 1056.33 657.162 -800 -800 
446.92 131.589 1054.18 660.991 -800 -800 
440.255 121.392 1052.02 664.82 -800 -800 
433.589 111.193 1049.87 668.65 -800 -800 
426.922 100.993 1047.71 672.48 -800 -800 
420.254 90.7922 1045.56 676.311 -800 -800 
413.584 80.5902 1043.41 680.142 -800 -800 
406.914 70.3872 1041.25 683.974 -800 -800 
400.242 60.1832 1039.1 687.807 -800 -800 
393.57 49.9781 1036.95 691.639 -800 -800 
386.896 39.7722 1034.8 695.473 -800 -800 
380.222 29.5653 1032.65 699.307 -800 -800 
373.546 19.3574 1030.5 703.141 -800 -800 
366.87 30.2069 1028.35 706.976 -800 -800 
360.193 40.413 1026.2 710.811 -800 -800 
353.515 50.6181 1024.05 714.646 -800 -800 
346.836 60.8223 1021.9 718.482 -800 -800 
340.157 71.0257 1019.75 722.319 -800 -800 
333.476 81.2282 1017.61 726.156 -800 -800 
326.794 91.4298 1015.46 729.993 -800 -800 
320.112 101.631 1013.31 733.831 -800 -800 
313.428 111.83 1011.17 737.669 -800 -800 
306.744 122.029 1009.02 741.508 -800 -800 
300.058 132.228 1006.88 745.347 -800 -800 
293.372 142.425 1004.73 749.187 -800 -800 
286.685 152.621 1002.59 753.027 -800 -800 
279.996 162.817 1000.44 756.867 -800 -800 
273.307 173.012 998.302 760.708 -800 -800 
266.617 183.206 996.159 764.549 -800 -800 
259.925 193.399 994.017 768.391 -800 -800 
253.233 203.592 991.875 772.233 -800 -800 
246.539 213.783 989.734 776.075 -800 -800 
239.845 223.974 987.594 779.918 -800 -800 
233.15 234.164 985.454 783.761 -800 -800 
226.453 244.354 983.314 787.604 -800 -800 
219.755 254.542 981.175 791.448 -800 -800 
213.057 264.73 979.037 795.293 -800 -800 
206.357 274.917 976.899 799.137 -800 -800 
199.656 285.104 974.762 802.982 -800 -800 
192.955 295.289 972.625 806.828 -800 -800 
186.252 305.474 970.489 810.673 -800 -800 
179.548 315.658 968.353 814.519 -800 -800 
172.843 325.842 966.218 818.366 -800 -800 
166.136 336.025 964.083 822.213 -800 -800 
159.429 346.207 961.949 826.06 -800 -800 
152.721 356.388 959.815 829.907 -800 -800 
146.011 366.569 957.682 833.755 -800 -800 
139.3 376.75 955.55 837.603 -800 -800 
132.589 386.929 953.418 841.451 -800 -800 
125.876 397.108 951.287 845.3 -800 -800 
119.162 407.287 949.156 840.152 -800 -800 
112.447 417.464 947.026 836.304 -800 -800 
105.731 427.642 944.896 832.456 -800 -800 
99.0131 437.818 942.767 828.608 -800 -800 
92.2945 447.994 940.639 824.761 -800 -800 
85.5747 458.17 938.511 820.914 -800 -800 
78.8537 468.345 936.384 817.067 -800 -800 
72.1314 478.52 934.257 813.221 -800 -800 
65.408 488.694 932.131 809.374 -800 -800 
58.6833 498.867 930.006 805.528 -800 -800 
51.9573 509.04 927.881 801.683 -800 -800 
45.2302 519.213 925.757 797.837 -800 -800 
38.5017 529.386 923.633 793.992 -800 -800 
31.772 539.558 921.51 790.146 -800 -800 
25.041 549.729 919.388 786.301 -800 -800 
18.3088 559.901 917.266 782.457 -800 -800 
26.731 570.072 915.145 778.612 -800 -800 
33.4606 580.242 913.025 774.767 -800 -800 
40.1889 590.413 910.906 770.923 -800 -800 
46.9158 600.583 908.787 767.079 -800 -800 
53.6413 610.753 906.668 763.235 -800 -800 
60.3653 620.922 904.551 759.391 -800 -800 
67.0878 631.091 902.434 755.547 -800 -800 
73.8087 641.26 900.318 751.703 -800 -800 
80.528 651.429 898.203 747.859 -800 -800 
87.2457 661.598 896.089 744.016 -800 -800 
93.9617 671.766 893.975 740.172 -800 -800 
100.676 681.935 891.863 736.329 -800 -800 
107.388 692.103 889.751 732.486 -800 -800 
114.099 702.271 887.64 728.642 -800 -800 
120.808 712.439 885.53 724.799 -800 -800 
127.515 722.607 883.421 720.956 -800 -800 
134.219 732.775 881.313 717.113 -800 -800 
140.922 742.943 879.206 713.269 -800 -800 
147.623 753.112 877.1 709.426 -800 -800 
154.322 763.28 874.996 705.583 -800 -800 
161.018 773.448 872.892 701.739 -800 -800 
167.713 783.617 870.789 697.896 -800 -800 
174.405 793.786 868.688 694.052 -800 -800 
181.095 803.955 866.587 690.208 -800 -800 
187.782 814.125 864.488 686.364 -800 -800 
194.467 824.295 862.39 682.52 -800 -800 
201.15 834.466 860.293 678.675 -800 -800 
207.831 844.637 858.197 674.831 -800 -800 
214.509 833.829 856.103 670.986 -800 -800 
221.184 823.66 854.009 667.14 -800 -800 
227.857 813.49 851.917 663.294 -800 -800 
234.528 803.322 849.827 659.448 -800 -800 
241.195 793.154 847.737 655.602 -800 -800 
247.86 782.986 845.649 651.755 -800 -800 
254.522 772.82 843.563 647.908 -800 -800 
261.181 762.654 841.478 644.061 -800 -800 
267.836 752.488 839.395 640.213 -800 -800 
274.489 742.323 837.313 636.365 -800 -800 
281.138 732.159 835.233 632.517 -800 -800 
287.783 721.996 833.155 628.668 -800 -800 
294.425 711.833 831.078 624.82 -800 -800 
301.064 701.671 829.004 620.97 -800 -800 
307.698 691.509 826.931 617.121 -800 -800 
314.328 681.348 824.86 613.271 -800 -800 
320.954 671.187 822.792 609.421 -800 -800 
327.576 661.027 820.726 605.571 -800 -800 
334.193 650.868 818.662 601.72 -800 -800 
340.805 640.709 816.6 597.869 -800 -800 
347.413 630.55 814.541 594.018 -800 -800 
354.015 620.392 812.484 590.167 -800 -800 
360.612 610.234 810.43 586.315 -800 -800 
367.204 600.077 808.379 582.464 -800 -800 
373.789 589.919 806.33 578.612 -800 -800 
380.369 579.762 804.285 574.76 -800 -800 
386.943 569.605 802.243 570.908 -800 -800 
393.51 559.448 800.204 567.056 -800 -800 
400.07 549.291 798.168 563.205 -800 -800 
406.623 539.133 796.136 559.353 -800 -800 
413.169 528.975 794.108 555.502 -800 -800 
419.707 518.817 792.083 551.65 -800 -800 
426.237 508.658 790.063 547.8 -800 -800 
432.758 498.498 788.046 543.949 -800 -800 
439.271 488.337 786.034 540.099 -800 -800 
445.775 478.174 784.027 536.25 -800 -800 
452.27 468.01 782.024 532.402 -800 -800 
458.754 457.844 780.026 528.555 -800 -800 
465.229 447.676 778.034 524.708 -800 -800 
471.693 437.505 776.046 520.863 -800 -800 
478.146 427.332 774.064 517.02 -800 -800 
484.588 417.154 772.088 513.178 -800 -800 
491.018 406.973 770.117 509.338 -800 -800 
497.436 396.788 768.152 505.501 -800 -800 
503.842 386.597 766.194 501.666 -800 -800 
510.236 376.401 764.242 497.833 -800 -800 
516.617 366.199 762.296 494.004 -800 -800 
522.984 355.991 760.356 490.178 -800 -800 
529.339 345.774 758.424 486.356 -800 -800 
535.68 335.55 756.497 482.537 -800 -800 
542.008 325.317 754.578 478.724 -800 -800 
548.323 315.074 752.665 474.915 -800 -800 
554.624 304.821 750.759 471.111 -800 -800 
560.913 294.557 748.859 467.313 -800 -800 
567.188 284.281 746.966 463.52 -800 -800 
573.452 273.993 745.079 459.734 -800 -800 
579.703 263.692 743.197 455.954 -800 -800 
585.943 253.377 741.322 452.181 -800 -800 
592.172 243.049 739.452 448.415 -800 -800 
598.391 232.706 737.587 444.656 -800 -800 
604.601 222.349 735.727 440.904 -800 -800 
610.801 211.977 733.871 437.16 -800 -800 
616.993 201.589 732.019 433.423 -800 -800 
623.178 191.187 730.171 429.694 -800 -800 
629.356 180.77 728.327 425.972 -800 -800 
635.528 170.338 726.485 422.258 -800 -800 
641.695 159.891 724.647 418.551 -800 -800 
647.857 149.429 722.81 414.851 -800 -800 
654.015 138.954 720.976 411.159 -800 -800 
660.169 128.464 719.143 407.473 -800 -800 
666.321 117.961 717.312 403.794 -800 -800 
672.47 107.445 715.481 400.122 -800 -800 
678.618 96.9158 713.652 396.456 -800 -800 
684.764 86.3746 711.824 392.796 -800 -800 
690.909 75.8215 709.996 389.142 -800 -800 
697.053 65.257 708.168 385.494 -800 -800 
703.197 54.6815 706.34 381.852 -800 -800 
709.341 44.0956 704.513 378.214 -800 -800 
715.485 33.4996 702.686 374.582 -800 -800 
721.629 22.8939 700.858 370.954 -800 -800 
727.774 12.279 699.03 367.332 -800 -800 
733.92 30.6057 697.202 363.713 -800 -800 
740.066 41.2014 695.373 360.1 -800 -800 
746.215 51.7864 693.543 356.492 -800 -800 
752.365 62.3597 691.713 352.89 -800 -800 
758.518 72.9206 689.881 349.294 -800 -800 
764.674 83.468 688.047 345.705 -800 -800 
770.834 94.001 686.211 342.123 -800 -800 
777 104.518 684.373 338.549 -800 -800 
783.172 115.019 682.531 334.983 -800 -800 
789.353 125.503 680.686 331.425 -800 -800 
795.543 135.968 678.835 327.877 -800 -800 
801.744 146.414 676.979 324.339 -800 -800 
807.959 156.841 675.116 320.81 -800 -800 
814.19 167.248 673.245 317.291 -800 -800 
820.44 177.635 671.365 313.782 -800 -800 
826.709 188.004 669.474 310.282 -800 -800 
833.001 198.356 667.573 306.791 -800 -800 
839.318 208.691 665.659 303.307 -800 -800 
845.659 219.014 663.733 299.831 -800 -800 
852.026 229.324 661.794 296.36 -800 -800 
858.42 239.625 659.842 292.894 -800 -800 
864.839 249.92 657.877 289.431 -800 -800 
871.283 260.209 655.899 285.971 -800 -800 
877.75 270.496 653.91 282.512 -800 -800 
884.24 280.782 651.909 279.054 -800 -800 
890.751 291.068 649.898 275.596 -800 -800 
897.281 301.355 647.878 272.137 -800 -800 
903.829 311.644 645.848 268.677 -800 -800 
910.393 321.936 643.811 265.215 -800 -800 
916.972 332.231 641.766 261.752 -800 -800 
923.565 342.529 639.714 258.288 -800 -800 
930.169 352.831 637.656 254.821 -800 -800 
936.785 363.137 635.593 251.353 -800 -800 
943.411 373.447 633.524 247.882 -800 -800 
950.047 383.76 631.451 244.41 -800 -800 
956.691 394.077 629.374 240.936 -800 -800 
963.343 404.398 627.292 237.46 -800 -800 
970.002 414.722 625.207 233.983 -800 -800 
976.667 425.05 623.119 230.503 -800 -800 
983.339 435.381 621.028 227.022 -800 -800 
990.016 445.715 618.934 223.54 -800 -800 
996.698 456.053 616.837 220.056 -800 -800 
1003.39 466.393 614.738 216.57 -800 -800 
1010.08 476.737 612.637 213.083 -800 -800 
1016.77 487.082 610.533 209.594 -800 -800 
1023.47 497.431 608.428 206.105 -800 -800 
1030.18 507.782 606.321 202.614 -800 -800 
1036.88 518.136 604.212 199.121 -800 -800 
1043.59 528.491 602.102 195.628 -800 -800 
1050.3 538.849 599.99 192.134 -800 -800 
1057.02 549.21 597.877 188.638 -800 -800 
1063.74 559.572 595.763 185.141 -800 -800 
1070.46 569.936 593.647 181.644 -800 -800 
1077.18 580.302 591.53 178.145 -800 -800 
1083.9 590.67 589.412 174.646 -800 -800 
1090.63 601.039 587.293 171.146 -800 -800 
1097.36 611.411 585.174 167.645 -800 -800 
1104.09 621.784 583.053 164.143 -800 -800 
1110.82 632.158 580.931 160.64 -800 -800 
1117.56 642.534 578.809 157.137 -800 -800 
1124.29 652.911 576.685 153.633 -800 -800 
1131.03 663.29 574.561 150.128 -800 -800 
1137.77 673.67 572.436 146.622 -800 -800 
1144.51 684.051 570.311 143.116 -800 -800 
1151.25 694.434 568.185 139.61 -800 -800 
1157.99 704.817 566.058 136.102 -800 -800 
1164.74 715.202 563.93 132.594 -800 -800 
1171.48 725.588 561.803 129.086 -800 -800 
1178.23 735.975 559.674 125.577 -800 -800 
1184.97 746.363 557.545 122.067 -800 -800 
1191.72 756.753 555.415 118.557 -800 -800 
1198.47 767.143 553.285 115.047 -800 -800 
1205.22 777.534 551.155 111.536 -800 -800 
1211.97 787.926 549.024 108.024 -800 -800 
1218.72 798.319 546.892 104.512 -800 -800 
1225.48 808.712 544.761 101 -800 -800 
1232.23 819.107 542.628 97.4873 -800 -800 
1238.98 829.502 540.496 93.9741 -800 -800 
1245.74 839.899 538.363 90.4606 -800 -800 
1252.5 850.296 536.23 86.9466 -800 -800 
1259.25 833.604 534.096 83.4323 -800 -800 
1266.01 823.208 531.962 79.9176 -800 -800 
1272.77 812.814 529.827 76.4025 -800 -800 
1279.53 802.42 527.692 72.8871 -800 -800 
1286.28 792.026 525.557 69.3713 -800 -800 
1293.04 781.634 523.422 65.8551 -800 -800 
1299.81 771.242 521.286 62.3387 -800 -800 
1306.57 760.85 519.15 58.8218 -800 -800 
1313.33 750.46 517.013 55.3047 -800 -800 
1320.09 740.07 514.876 51.7872 -800 -800 
1326.86 729.681 512.739 48.2694 -800 -800 
1333.62 719.292 510.601 44.7512 -800 -800 
1340.39 708.904 508.463 41.2328 -800 -800 
1347.15 698.517 506.324 37.714 -800 -800 
1353.92 688.13 504.185 34.1949 -800 -800 
1360.69 677.744 502.046 30.6756 -800 -800 
1367.46 667.358 499.906 27.1559 -800 -800 
1374.22 656.973 497.766 23.6359 -800 -800 
1380.99 646.589 495.625 20.1157 -800 -800 
1387.77 636.205 493.484 16.5952 -800 -800 
1394.54 625.822 491.343 23.5202 -800 -800 
1401.31 615.439 489.201 27.0402 -800 -800 
1408.08 605.057 487.059 30.5599 -800 -800 
1414.86 594.675 484.917 34.0794 -800 -800 
1421.63 584.293 482.774 37.5986 -800 -800 
1428.41 573.913 480.631 41.1176 -800 -800 
1435.18 563.532 478.487 44.6363 -800 -800 
1441.96 553.152 476.343 48.1548 -800 -800 
1448.74 542.773 474.198 51.6731 -800 -800 
1455.52 532.394 472.053 55.1912 -800 -800 
1462.3 522.015 469.908 58.7091 -800 -800 
1469.08 511.637 467.762 62.2267 -800 -800 
1475.86 501.259 465.616 65.7442 -800 -800 
1482.64 490.882 463.469 69.2615 -800 -800 
1489.43 480.505 461.322 72.7786 -800 -800 
1496.21 470.128 459.174 76.2956 -800 -800 
1502.99 459.751 457.026 79.8124 -800 -800 
1509.78 449.375 454.878 83.329 -800 -800 
1516.57 438.999 452.729 86.8455 -800 -800 
1509.21 428.624 450.58 90.3619 -800 -800 
1502.43 418.249 448.43 93.8781 -800 -800 
1495.65 407.874 446.28 97.3942 -800 -800 
1488.86 397.499 444.129 100.91 -800 -800 
1482.08 387.124 441.978 104.426 -800 -800 
1475.3 376.75 439.827 107.942 -800 -800 
1468.52 366.376 437.675 111.457 -800 -800 
1461.74 356.002 435.522 114.973 -800 -800 
1454.96 345.629 433.369 118.488 -800 -800 
1448.18 335.256 431.216 122.003 -800 -800 
1441.41 324.882 429.062 125.518 -800 -800 
1434.63 314.51 426.907 129.033 -800 -800 
1427.86 304.137 424.752 132.548 -800 -800 
1421.08 293.764 422.597 136.063 -800 -800 
1414.31 283.392 420.441 139.578 -800 -800 
1407.54 273.02 418.284 143.092 -800 -800 
1400.77 262.648 416.127 146.607 -800 -800 
1394 252.276 413.969 150.121 -800 -800 
1387.23 241.904 411.811 153.636 -800 -800 
1380.47 231.533 409.652 157.15 -800 -800 
1373.7 221.161 407.492 160.665 -800 -800 
1366.94 210.79 405.332 164.179 -800 -800 
1360.18 200.418 403.172 167.693 -800 -800 
1353.41 190.047 401.01 171.207 -800 -800 
1346.65 179.675 398.848 174.722 -800 -800 
1339.89 169.304 396.686 178.236 -800 -800 
1333.14 158.933 394.522 181.75 -800 -800 
1326.38 148.561 392.359 185.265 -800 -800 
1319.62 138.19 390.194 188.779 -800 -800 
1312.87 127.818 388.029 192.293 -800 -800 
1306.12 117.447 385.863 195.808 -800 -800 
1299.37 107.075 383.697 199.322 -800 -800 
1292.62 96.703 381.529 202.836 -800 -800 
1285.87 86.331 379.362 206.351 -800 -800 
1279.12 75.9588 377.193 209.866 -800 -800 
1272.37 65.5864 375.024 213.38 -800 -800 
1265.63 55.2137 372.854 216.895 -800 -800 
1258.89 44.8409 370.684 220.41 -800 -800 
1252.14 34.4678 368.513 223.925 -800 -800 
1245.4 24.0944 366.341 227.441 -800 -800 
1238.66 13.7206 364.168 230.956 -800 -800 
1231.93 30.3734 361.995 234.472 -800 -800 
1225.19 40.7465 359.821 237.987 -800 -800 
1218.45 51.1192 357.647 241.503 -800 -800 
1211.72 61.4917 355.472 245.019 -800 -800 
1204.99 71.8638 353.296 248.536 -800 -800 
1198.26 82.2357 351.119 252.052 -800 -800 
1191.53 92.6072 348.941 255.569 -800 -800 
1184.8 102.978 346.763 259.085 -800 -800 
1178.07 113.349 344.584 262.602 -800 -800 
1171.35 123.72 342.405 266.119 -800 -800 
1164.63 134.091 340.224 269.636 -800 -800 
1157.9 144.461 338.043 273.153 -800 -800 
1151.18 154.831 335.861 276.671 -800 -800 
1144.46 165.2 333.678 280.188 -800 -800 
1137.75 175.57 331.494 283.706 -800 -800 
1131.03 185.939 329.309 287.223 -800 -800 
1124.32 196.308 327.124 290.741 -800 -800 
1117.61 206.677 324.938 294.259 -800 -800 
1110.9 217.045 322.751 297.777 -800 -800 
1104.19 227.414 320.562 301.295 -800 -800 
1097.48 237.782 318.373 304.813 -800 -800 
1090.78 248.15 316.184 308.332 -800 -800 
1084.08 258.518 313.993 311.85 -800 -800 
1077.38 268.886 311.801 315.368 -800 -800 
1070.68 279.253 309.608 318.887 -800 -800 
1063.98 289.621 307.414 322.405 -800 -800 
1057.28 299.988 305.22 325.924 -800 -800 
1050.59 310.356 303.024 329.442 -800 -800 
1043.9 320.723 300.827 332.961 -800 -800 
1037.21 331.091 298.63 336.48 -800 -800 
1030.53 341.458 296.431 339.998 -800 -800 
1023.84 351.825 294.231 343.517 -800 -800 
1017.16 362.193 292.03 347.035 -800 -800 
1010.48 372.56 289.829 350.554 -800 -800 
1003.8 382.928 287.626 354.073 -800 -800 
997.122 393.295 285.422 357.591 -800 -800 
990.449 403.663 283.216 361.11 -800 -800 
983.777 414.031 281.01 364.628 -800 -800 
977.107 424.399 278.803 368.146 -800 -800 
970.44 434.767 276.594 371.664 -800 -800 
963.775 445.135 274.384 375.183 -800 -800 
957.113 455.504 272.173 378.701 -800 -800 
950.453 465.872 269.961 382.218 -800 -800 
943.795 476.242 267.748 385.736 -800 -800 
937.139 486.611 265.534 389.254 -800 -800 
930.486 496.981 263.318 392.771 -800 -800 
923.836 507.351 261.101 396.288 -800 -800 
917.188 517.722 258.883 399.805 -800 -800 
910.542 528.093 256.664 403.322 -800 -800 
903.899 538.464 254.443 406.839 -800 -800 
897.258 548.836 252.221 410.355 -800 -800 
890.62 559.209 249.998 413.871 -800 -800 
883.985 569.582 247.774 417.387 -800 -800 
877.352 579.956 245.548 420.902 -800 -800 
870.721 590.33 243.321 424.417 -800 -800 
864.093 600.705 241.093 427.932 -800 -800 
857.468 611.081 238.863 431.446 -800 -800 
850.845 621.458 236.633 434.96 -800 -800 
844.225 631.835 234.4 438.474 -800 -800 
837.608 642.213 232.167 441.987 -800 -800 
830.993 652.592 229.932 445.5 -800 -800 
824.381 662.972 227.696 449.012 -800 -800 
817.771 673.353 225.459 452.524 -800 -800 
811.165 683.735 223.22 456.035 -800 -800 
804.56 694.118 220.98 459.546 -800 -800 
797.959 704.502 218.739 463.056 -800 -800 
791.36 714.887 216.496 466.566 -800 -800 
784.763 725.273 214.252 470.075 -800 -800 
778.17 735.661 212.007 473.584 -800 -800 
771.579 746.049 209.76 477.092 -800 -800 
764.99 756.439 207.512 480.599 -800 -800 
758.404 766.83 205.263 484.106 -800 -800 
751.821 777.223 203.012 487.612 -800 -800 
745.24 787.617 200.761 491.117 -800 -800 
738.662 798.012 198.507 494.622 -800 -800 
732.087 808.409 196.253 498.126 -800 -800 
725.514 818.807 193.997 501.629 -800 -800 
718.943 829.207 191.741 505.132 -800 -800 
712.375 839.608 189.482 508.633 -800 -800 
705.81 850.01 187.223 512.134 -800 -800 
699.247 833.599 184.962 515.634 -800 -800 
692.686 823.199 182.7 519.134 -800 -800 
686.128 812.801 180.437 522.632 -800 -800 
679.574 802.405 178.172 526.13 -800 -800 
673.022 792.011 175.906 529.627 -800 -800 
666.473 781.618 173.638 533.123 -800 -800 
659.928 771.226 171.369 536.618 -800 -800 
653.386 760.837 169.097 540.112 -800 -800 
646.848 750.449 166.824 543.606 -800 -800 
640.313 740.062 164.55 547.098 -800 -800 
633.783 729.678 162.273 550.59 -800 -800 
627.256 719.294 159.994 554.081 -800 -800 
620.734 708.913 157.713 557.572 -800 -800 
614.217 698.533 155.429 561.061 -800 -800 
607.704 688.154 153.143 564.55 -800 -800 
601.196 677.776 150.855 568.038 -800 -800 
594.693 667.4 148.565 571.526 -800 -800 
588.195 657.025 146.271 575.013 -800 -800 
581.703 646.651 143.975 578.5 -800 -800 
575.217 636.278 141.676 581.986 -800 -800 
568.736 625.905 139.374 585.472 -800 -800 
562.261 615.534 137.07 588.957 -800 -800 
555.793 605.162 134.762 592.442 -800 -800 
549.331 594.791 132.45 595.927 -800 -800 
542.875 584.42 130.136 599.413 -800 -800 
536.426 574.048 127.818 602.898 -800 -800 
529.984 563.676 125.497 606.383 -800 -800 
523.548 553.303 123.173 609.869 -800 -800 
517.12 542.93 120.845 613.356 -800 -800 
510.698 532.555 118.514 616.843 -800 -800 
504.283 522.178 116.18 620.33 -800 -800 
497.874 511.8 113.842 623.819 -800 -800 
491.473 501.42 111.5 627.309 -800 -800 
485.078 491.038 109.155 630.799 -800 -800 
478.69 480.653 106.807 634.291 -800 -800 
472.308 470.266 104.456 637.784 -800 -800 
465.932 459.875 102.102 641.279 -800 -800 
459.562 449.482 99.7445 644.775 -800 -800 
453.199 439.086 97.3841 648.273 -800 -800 
446.841 428.686 95.0209 651.772 -800 -800 
440.488 418.283 92.655 655.273 -800 -800 
434.141 407.876 90.2865 658.776 -800 -800 
427.799 397.465 87.9154 662.281 -800 -800 
421.462 387.051 85.542 665.788 -800 -800 
415.129 376.633 83.1663 669.296 -800 -800 
408.8 366.211 80.7884 672.807 -800 -800 
402.476 355.786 78.4085 676.319 -800 -800 
396.155 345.356 76.0266 679.833 -800 -800 
389.838 334.923 73.643 683.35 -800 -800 
383.524 324.486 71.2576 686.868 -800 -800 
377.214 314.045 68.8707 690.387 -800 -800 
370.907 303.601 66.4822 693.909 -800 -800 
364.602 293.153 64.0923 697.433 -800 -800 
358.3 282.701 61.7012 700.958 -800 -800 
352.001 272.246 59.3087 704.485 -800 -800 
345.703 261.788 56.9151 708.014 -800 -800 
339.408 251.326 54.5204 711.544 -800 -800 
333.116 240.861 52.1248 715.076 -800 -800 
326.824 230.393 49.7281 718.61 -800 -800 
320.535 219.921 47.3306 722.145 -800 -800 
314.248 209.447 44.9323 725.682 -800 -800 
307.961 198.97 42.5332 729.22 -800 -800 
301.677 188.49 40.1334 732.76 -800 -800 
295.393 178.007 37.7329 736.301 -800 -800 
289.111 167.521 35.3318 739.843 -800 -800 
282.83 157.033 32.9301 743.387 -800 -800 
276.55 146.542 30.5279 746.932 -800 -800 
270.272 136.048 28.1251 750.478 -800 -800 
263.994 125.553 25.7219 754.025 -800 -800 
257.717 115.055 23.3183 757.574 -800 -800 
251.441 104.554 20.9142 761.123 -800 -800 
245.165 94.0519 18.5097 764.674 -800 -800 
238.89 83.5473 22.4041 768.226 -800 -800 
232.616 73.0406 24.8079 771.779 -800 -800 
226.343 62.5319 27.2113 775.333 -800 -800 
220.07 52.0212 29.6145 778.888 -800 -800 
213.798 41.5085 32.0174 782.444 -800 -800 
207.526 30.994 34.4201 786 -800 -800 
201.254 20.4777 36.8226 789.558 -800 -800 
194.983 9.95955 39.2249 793.117 -800 -800 
188.712 30.5163 41.6271 796.676 -800 -800 
182.442 41.0309 44.029 800.236 -800 -800 
176.172 51.5435 46.4308 803.798 -800 -800 
169.902 62.0543 48.8324 807.36 -800 -800 
163.633 72.5631 51.2339 810.923 -800 -800 
157.363 83.07 53.6352 814.487 -800 -800 
151.095 93.5748 56.0363 818.053 -800 -800 
144.826 104.077 58.4374 821.619 -800 -800 
138.558 114.578 60.8383 825.186 -800 -800 
132.29 125.076 63.239 828.755 -800 -800 
126.022 135.573 65.6397 832.324 -800 -800 
119.754 146.066 68.0403 835.895 -800 -800 
113.487 156.558 70.4407 839.467 -800 -800 
107.219 167.047 72.8411 843.04 -800 -800 
100.952 177.534 75.2415 846.614 -800 -800 
94.6851 188.018 77.6418 840.427 -800 -800 
88.418 198.499 80.042 836.855 -800 -800 
82.151 208.978 82.4423 833.285 -800 -800 
75.884 219.454 84.8425 829.716 -800 -800 
69.617 229.927 87.2428 826.149 -800 -800 
63.3499 240.396 89.6431 822.583 -800 -800 
57.0826 250.863 92.0435 819.019 -800 -800 
50.8151 261.325 94.444 815.456 -800 -800 
44.5473 271.785 96.8446 811.895 -800 -800 
38.2791 282.24 99.2454 808.337 -800 -800 
32.0105 292.692 101.646 804.78 -800 -800 
